1234567
123456789
01034586
01036652
01025056
01014289
00033995
01037208
01023282
00181404
00582450
00021644
00897698
01020044
01030884
00205923
01024084
01032472
comum
01023703
00138908
01025239
00150894
01012074
00103829
00152897
01022928
01023510
01042153
01023241
00258350
01039230
01039222
01039219
01039208
00055522
00882615
01014825
123456
00124508
01016076
00366714
00205745
00005703
01023744
01032445
00041734
12
456
00053767
01022972
00370835
00257044
01023433
01028241
00205419
01012077
00574686
00088188
01023648
00091928
00370525
01023034
01015788
00102210
00580759
01032378
00120685
XXXX
01038921
00106690
01028361
01040779
01023707
00199826
01040628
00168092
01028300
00897680
01023445
01011980
01023018
00102458
01036418
01010363
00103357
00103241
01039378
00602469
00183121
00850543
01012083
00005860
01030787
01022944
00367036
01018279
00878189
01020865
00114456
01032190
01016921
01016920
01016908
01016909
01016915
01016916
01016927
01016926
01016922
01016923
01016932
01016928
01016918
01023462
01023463
01019018
01022950
01010673
01038104
01019927
01023466
01012457
01023677
00544434
01014974
01023468
01032464
00191930
01018716
01039295
00840769
01023474
01039536
00244090
01023054
00682241
00081248
00134988
00128147
01033349
01023476
01023249
00429996
01023481
01023479
01012825
01028261
01023480
01023745
00143197
01024854
01023498
00075965
00244210
01028265
01027492
00213225
00106585
01023419
00225878
00033324
01023417
01035986
01033668
00257206
01024483
00522864
00689190
01023421
01025120
01022964
01024476
01028577
00192910
01023914
01013805
00181200
00895610
01023271
00014117
00682888
01023442
01023011
01023000
00151548
00041963
01023598
00250961
01009377
01025175
00106917
00541885
01023986
00803987
01041855
01012191
01023654
01010601
01023898
00152978
00643157
00889920
00166081
01023507
01023120
00636860
01035541
00430633
00369683
00594490
01023514
00429775
00368598
00682985
01011978
01028366
01020069
01010928
01030519
01013465
01023549
01023869
01023531
00161560
01023734
00885266
01034198
00102849
01023638
01030996
00206962
01023263
01023339
01023541
00887455
00048623
01024141
01035514
01025102
01017518
01012547
01019640
01024085
01023538
01025138
00165701
01010364
00077526
01023557
01030905
01018712
01030773
01012085
01021003
01024134
01023336
01044716
00257729
01023752
01013936
01022952
01011977
01019566
01018713
01018705
01018714
01023469
01017647
01032146
01018361
01031979
00009334
01035152
01018711
01024169
01023580
00033332
00469521
01035515
01032085
01019943
01012019
01024055
01023568
01023344
01041321
01035856
00642320
01030268
01030379
01023570
01014015
00256889
01023356
01009967
00080756
01023715
01023724
01009376
01022955
01017110
01031914
01012875
01012849
01019477
01012848
01012859
01012854
01012858
01012853
01012852
01023032
01011976
01022906
01020298
01018710
01023592
00189766
00371726
01040957
01028410
00671959
01022887
01018709
01025267
01018081
01012467
01023889
01039173
00371920
00371858
00188654
01023617
01013417
01023837
01018242
01027531
01031389
01039688
01036496
00042072
01019541
01022935
01025839
01033308
01031427
00882500
01023797
00881180
01014759
01028252
01017853
01023938
01031475
01018179
01023970
01012542
01017517
01017367
00886610
01021437
01025268
01024112
01025560
00601861
00257338
00232033
00006017
00364975
01033198
00459690
01035715
01011661
01016873
01036776
01020461
01023438
01023988
01010842
00883590
01036387
00071137
01023578
01023702
01031464
01003033
01038191
01040806
01023205
01016608
01024291
01032531
01031841
00101346
01032982
01014193
01040264
01025124
00201146
01032131
01023974
00366552
00238783
01024260
01023966
01030515
01037481
00522651
01032537
00644340
01025117
01023077
00007978
01030430
00138088
00116289
01031286
00154636
00095745
00154890
00636800
01017557
01034735
01034713
01034714
01023527
00049107
01025129
00169757
01023522
01028411
00602183
01012210
00229717
00882194
01017967
01018481
01007883
01000739
00290602
01023959
01023950
01018756
00168408
01043200
01012084
00127949
00365416
01024146
01024061
01023987
01011373
01031240
01024004
00880540
01017457
01017462
01017460
01017461
01017458
00885002
01025112
01012459
01024192
01024183
01028543
00873934
00094900
01037210
00133515
00120847
01024971
01024358
00899801
01032392
01032572
00201316
00622451
00597562
00056928
00177415
01014202
01009950
01013938
01016260
01025019
00602485
01010282
00243191
01024516
00112208
00200484
00086584
00895113
01024002
01038110
01025006
01028223
01039636
01030545
01034930
00630560
00207578
01024045
01024087
01024117
01024546
01032551
01032552
01032553
01031889
01035835
01024079
01033943
01014597
01017840
01022954
00365408
00250821
00106593
01011115
00365173
01038927
00370975
01039350
01024053
01033765
01020174
01024125
01010999
00540722
01017280
01032261
01014452
01025660
01025218
00221430
01035468
00621641
01017520
00151394
01024153
01014470
01024636
00090301
01039126
01030521
01024984
01024391
01011979
01037529
01024308
01031814
01012086
01031773
00212202
01008437
00364991
00870773
01009016
01014983
01024178
01019480
00164305
00883247
00200956
01024487
01000028
01024238
01014724
01031285
00365467
00523003
00872873
01022943
01018796
01024197
01038151
01014413
01021004
01036584
01014151
00086886
01024227
00020192
01024213
01024808
01030550
01024400
01024421
01031483
00151300
00050890
01024223
01024222
01009721
01024259
01024395
01010736
01016989
00091391
01044586
01010997
00262951
01024315
00641871
01011882
01024306
01033199
01024275
01024261
01016872
01021420
01009246
01030439
00600962
01024311
00215309
01028544
00032093
01024383
00574627
01024385
01010660
01010972
01024440
01023002
00098051
01024886
01014168
01024096
01012073
00885347
01036069
00566276
00600652
00540463
01040672
01012082
01023982
01024575
01023517
00257699
00365882
01004350
00371980
00216933
01021034
00642606
01016073
00004197
00033561
01035356
01024082
01024076
01023992
01023978
01034359
01012851
01012861
01012850
01024425
01011334
00098019
01018253
01038101
01024432
01024413
01013798
01018798
01019982
01034948
01035907
01020871
01013517
01024423
00597899
01024509
00365874
00369985
01024485
00395684
01024474
01009991
00190713
01015593
01022956
01024478
01025203
01012097
01038173
00078654
01037964
00122670
01024527
01024559
01014472
01038161
01023007
01022996
01012087
01022966
01024563
01025389
01031388
00092533
01033660
01018265
00130451
01024505
00099368
01009927
01000275
01014486
01008243
00882640
01032591
01024520
01000393
00430315
01024619
01024529
00872385
01027449
01020658
01040337
00086576
01024570
01034237
00541150
00840793
01020602
01015035
01025602
01024906
01023878
00120308
01031330
01024834
01033555
01034414
01036262
01024760
01019972
01020281
01024688
01033097
00395692
01012206
01012211
01031930
01023003
01033856
01034130
01032606
01038193
01016287
01014558
00397504
01024530
01025556
01016046
00522600
00124702
01019560
01020926
01039545
01032657
01032790
01011592
01033859
01016987
00370924
01023785
01023023
01014360
01034952
00627607
01035761
01036079
01023026
01036470
01036464
01016069
01032590
01040124
00603490
00574597
00402435
01047059
01018220
00552470
01018175
00551252
01028363
01032132
00101753
00627771
00644935
00518492
00324531
00324507
01022924
01022932
00184934
01022925
01022876
00641561
00641499
00643050
00641626
01023569
00686280
01023685
00000001
00167720
00167568
00679453
01022863
01022864
01023681
01022080
00526770
01021661
01012004
00072052
00019070
01028313
00643424
00680168
00886912
00886246
00886017
00880361
01023232
01023171
00269891
01023164
00897620
00151998
00882992
01003529
00887420
00884260
01015104
00150118
01023090
00883824
01023156
01040799
01023719
01023094
00254371
01023151
00574970
01025174
01019775
00253715
00430277
01018278
00606375
01023901
00087289
01023890
00884502
00070181
00070335
00071919
01023074
01023145
00881520
00895920
01020042
01014943
01023070
01031405
01016182
01028319
00880647
00880914
00881635
01023139
00884286
00199656
00884073
01023080
00192899
01023377
01023375
01033256
01023727
00256560
01023309
00191868
01033257
00180831
00469459
01013810
01023831
00033553
01023367
00033456
01033258
00033685
00033790
01023909
00431796
01023319
01019984
01019694
01021628
01023057
01024633
00205249
01023264
01025393
01035286
01016697
01024806
01024949
00581852
01031402
01031406
01018419
00644471
01031233
01031800
01018454
00205346
01019108
01024880
00086568
01032045
01018358
01018669
01006281
01030293
00367788
01023268
01023088
01033260
01024467
00543942
00367524
01013099
01012788
01037519
01014416
01024501
00086614
01030542
00514241
00522511
01012945
01024662
01024568
01012826
01013574
01015201
01014963
01032323
01018887
01025635
01018715
01041533
01032183
01011007
01014822
01035435
01032280
01023699
01022968
00544388
01034369
00677760
01039659
00122947
01018263
01023477
01032613
01024714
01014984
01015545
01014970
01024680
00606774
01016105
01025204
00539600
01024691
01020915
01018176
01016057
01020414
01037065
00395676
01018246
01024789
01043164
01019644
01021180
01033230
01030528
01025211
01024941
01015905
01024726
01033375
00881287
01015758
00230480
01025043
01032622
01024736
01019457
01024839
01025838
01024751
01018236
01030572
01030574
01016335
00234761
01014257
01018423
01030445
00559300
01016610
01025023
00097128
00372552
00370231
00076023
01032374
00364860
01024784
01017319
00202134
01025064
00367923
01017703
01024815
01032316
01032328
01018237
01017883
01031063
00369152
01021183
01025319
00881813
01023865
00324469
00251976
01030978
01021394
00540153
01025176
01034875
01030913
00688452
01031241
01019843
01031913
01025350
01025315
00119202
01014017
01024825
01022989
01021296
01012993
01030538
00255742
01022999
01032646
00541311
01025305
01025835
01023060
01032369
01019562
01025517
01030611
01036215
01030429
01044865
01025528
01020766
01030992
01025450
01020914
01031663
01038194
01021264
01031238
01025442
01025581
01033617
01037889
00200174
01021005
01030613
01022938
01030541
01021031
01025462
00367605
01030836
01031331
01031474
01035601
01014634
01025634
01032112
01028304
01028303
01030547
01025663
01025642
01034687
01038196
01030932
01036750
00521990
01030900
00049565
01025659
01021247
00253014
01031200
01031506
01022975
00519863
00541176
00137839
01033630
01038071
01018254
01020277
01017361
01024822
01024895
01024928
01020366
01024824
01017761
01032095
01020621
01024847
01018967
01019095
00370185
01017282
01018655
01031936
01038162
01017419
01018732
01017418
01034360
01032631
01025303
01017502
01018525
01018968
01019847
01027662
01019032
01024821
01002865
01018923
01025205
01025212
01019779
01031403
00120316
00039608
01025028
00216828
01032010
00120952
01033380
01025096
01041804
01020178
01024939
01038351
01025161
01018386
01018381
01024958
01018947
01025201
01020862
00201162
01025323
01019906
00181692
00178454
01023390
01024994
01031044
01020984
01028510
01027491
00543195
01019139
01025291
01019102
01034172
01025281
01014205
00122416
01030609
01021303
01030526
01031683
01020297
01031140
01025378
01019945
01025326
01033104
01019371
01032644
01030527
01035564
01025559
00030031
01022978
01021399
01025836
01027782
01032654
01030225
01025710
01025840
01030829
01031942
01030573
01010747
01032811
01038119
01028471
01030567
01035220
00182710
00831140
01031203
01028364
01035496
01039402
01032355
01030921
01032425
01031142
01039254
00641154
01033494
01019105
00102229
01030832
01017519
00089524
01016988
01030389
01023591
01004512
00590835
01023969
00081345
01023963
00108065
01023041
00597481
01016337
01024951
01024099
01011738
00126020
01023258
00395463
01034471
01034470
00206245
01022974
01028228
01038106
01033342
01030797
01031355
01017558
01024657
01024089
01031700
00120189
01030375
00542628
00549754
01023505
01032154
00514063
01023270
00370177
00514101
01015726
01028469
01028473
01028470
01032804
01025347
01027714
01028474
01028639
00370339
01012530
01031830
00580279
01016124
01031605
01023328
01017357
00820164
01042079
01032069
00017906
01018822
01019378
01028517
01032000
01032861
01018994
00020354
01034448
01033674
01031994
01012543
01032795
01024716
01033068
00645540
01023832
01032817
00194182
01032974
01033954
01015242
01037619
01009929
00522716
00630020
01024574
01022992
01024150
01013120
00146013
01033291
01036821
01039154
01033771
01013387
01008529
01034484
01024277
01024195
01027392
01037006
01036850
01038224
01023683
01033743
01028479
01025087
00515302
00522198
00201863
01035976
01037846
00272930
01034308
01033981
01022993
01034031
00370681
01023856
01038149
01023031
01036368
01023786
00369179
01035517
01038344
00881619
01035443
00242713
00626406
00081310
01025563
01010841
01039089
01035453
01024724
01023012
01023896
01017340
00605026
01034929
00644552
00055506
01024757
01038643
01030769
01038118
01023917
01023261
00600555
00603759
01035360
01028233
01028341
01028362
01037844
01036896
01028483
00244538
00605018
00205478
01023020
01036212
01023014
01035841
01036124
01036547
01011317
00602493
01023385
01036334
00108723
00596450
01023694
00597457
01033302
00043273
00602604
00600792
01015102
01018480
00885010
01036361
01036377
00625841
00595187
01037704
01025286
00429791
01028257
00130710
01023651
01028227
01030779
01022994
01023010
01037042
00854107
01019476
01024504
01023657
00590460
01041941
01024176
00152030
01038031
00070556
00590584
00402311
01001053
00597422
00591041
00159000
00620645
01042609
01034413
01019499
01023650
01010446
01028440
01023027
01028370
00244279
00882712
01024447
00155667
00182621
01024236
01003675
01039342
01016183
01039902
01017777
00244040
01023730
01013518
01025036
01035708
01014020
01023119
00430625
00590320
01040426
01023044
01028423
01024267
01023870
00027359
01034033
00621803
00626910
00595896
00602418
00099147
00101443
00402451
00402443
00081230
00081329
01023047
01028345
01023760
00367826
00365807
01041170
00644757
00033898
01023491
00155331
01023666
00254380
00082406
00369306
01024920
00081108
00629642
00518662
01030783
01023697
00071404
01024933
00579505
00594679
01038340
01021338
01037892
01028508
00203165
01017978
01031600
00213446
01011469
00247642
01023315
00081183
00591556
01017567
01019456
00371530
01044692
00367974
01023046
01028429
01008244
00120936
01032742
00431591
01028236
01024844
01033710
00426873
01023769
01023019
01023888
00602671
01023902
01028238
01034063
00257745
01028239
01028475
00080900
01023911
01023021
00251038
01023853
00606545
00297232
00582085
00641146
00656518
00623709
00643629
01023725
01024098
01028389
01020340
01017968
00400580
01022933
01022926
00641987
00400610
01022923
01022874
01022917
01023855
00643858
01035319
01031877
00644366
00644838
00644595
00642797
01023662
01022910
01022911
01022900
01022937
00669440
00400572
01022881
00103047
01014461
01035036
01022853
00644951
00669776
00400637
00400653
00400769
00641979
00034053
00643580
01020177
01014487
01023668
00034142
00641111
00636401
00608920
01024969
00641650
01024955
01018906
00034177
01023678
00644510
01023659
01022872
01022870
00400424
01022889
01022919
00641936
00034258
01025231
00671754
01041815
01022891
01035609
01035240
01025066
01033910
01033683
00574295
01022905
01022856
01010056
01022859
01022895
01011630
00645281
01036139
00678724
00093629
00678520
01018254
01020277
01017361
01024822
01024895
01024928
01020366
01024824
01017761
01032095
01020621
01024847
01018967
01019095
00370185
01017282
01018655
01031936
01038162
01017419
01018732
01017418
01034360
01032631
01025303
01017502
01018525
01018968
01019847
01027662
01019032
01024821
01002865
01018923
01025205
01025212
01019779
01031403
00120316
00039608
01025028
00216828
01032010
00120952
01033380
01025096
01041804
01020178
01024939
01038351
01025161
01018386
01018381
01024958
01018947
01025201
01020862
00201162
01025323
01019906
00181692
00178454
01023390
01024994
01031044
01020984
01028510
01027491
00543195
01019139
01025291
01019102
01034172
01025281
01014205
00122416
01030609
01021303
01030526
01031683
01020297
01031140
01025378
01019945
01025326
01033104
01019371
01032644
01030527
01035564
01025559
01031452
01031451
01031453
01044443
01023798
00202339
01018241
00644110
01023687
00034088
00643505
00642860
00102830
01023771
01022858
00324833
00630446
00530883
01022981
00871729
00222232
00122688
00174289
00597996
00680974
01023658
00644145
01023979
01013336
01022902
00644447
00640077
01022862
01024297
00884170
00151580
00163660
00885630
00884871
00059986
00884820
00884928
00885312
01030511
00059900
00885738
01023132
01023886
00885762
01023079
00834718
01023112
01023117
00884960
01023133
00886815
00888842
00886335
00886874
00881899
00886904
00886688
00886475
00882119
00882917
00887013
01012204
01035780
01035508
00252824
01023227
00172871
00152323
01023066
00162507
01023160
00252700
00151335
01028356
00887170
01023101
01023187
01024351
01023103
00881988
01038034
01023104
01019080
00167444
01023177
01023175
00252280
00853976
00897957
00887293
00886998
00886084
00852767
01035200
00887056
00151149
00152021
00164100
01014469
01023135
00883816
00897639
00887099
01023722
01023720
00258822
00883492
01023086
00883751
01023170
01023198
01036213
01025106
00885150
00887501
00151866
01021423
01023789
00883956
00859877
00887021
00881830
00882461
01023093
01023401
01028240
00896020
00153559
00888745
01023767
00896756
01025336
00886092
01023790
00169137
01023225
01023153
01017897
00523607
00162736
00152374
01023791
00167070
01023115
01023224
01034782
01023111
00167533
01025492
00150223
00160504
00261017
00591289
01023228
01033191
00153079
01024033
00087068
01023123
01022984
00107603
00184969
00539988
01025062
01028267
01033772
01023492
01025420
00071013
01031774
00431729
01023295
01028284
01009378
01021219
01023484
00600644
01012076
01028237
01024929
01023504
00308897
00099686
00544507
00109037
01022869
00430056
01036038
00430080
00430145
00162302
01023802
00430641
00555665
01023826
00882470
01023174
00430242
00430757
00430943
01023582
00560472
00559253
01023827
00436194
00434116
01014462
00606367
00071587
00115703
01025428
00436186
01023207
00256951
00256943
01023208
01028327
00606561
00851396
00899976
01023067
00880493
01025178
01028328
01039892
00229695
00086932
00436305
01031791
01023155
01023884
00606510
00059951
00882330
01028326
01023880
01023203
01031201
00560499
01031236
00606650
00228508
01013937
01025071
00087262
01023900
00882100
01023766
01023138
00885037
00882666
01023891
00897540
01023893
00883670
00430331
01023142
01023075
00660639
00880388
00430099
01027525
00885223
00029920
01017237
00899992
00880108
01023895
01014819
01028407
00897027
00882356
00086940
01023154
01012147
00272884
00887943
01023099
00886955
00880515
01027546
00885576
00880620
01023876
01028243
00103454
01034233
00880825
00880787
00881058
00101729
00899240
01023822
01023073
01023413
01023147
00881570
00882348
00882607
00882488
01023149
00883115
01024989
00884197
00880744
00884758
01024038
00882062
00105147
01022958
01011293
00272868
00436313
01018178
00229962
01011593
01031189
01023664
00243280
00000647
00087211
00047287
00094250
01023845
01023874
01038568
01023776
01025220
00091197
00108685
01010600
00151106
00122904
00272779
00164020
01042132
00000370
01016858
01023389
01023183
01025222
01023382
00606600
01035934
01031265
00643912
00086630
01023386
01023200
01022948
01028401
00368466
01028354
01028285
01028305
01028330
01028653
01023710
00539317
00574708
01028232
01011136
00542709
01033492
01019872
01024015
00070564
01031060
01035742
00152447
01023252
01028258
01024548
01023366
01024436
00897108
00153109
01033711
01023220
00033650
01028253
01022941
01022877
01023908
00012904
01023134
01023131
01028302
01028290
00178314
00177423
01025372
01037934
01023461
00821896
01023754
00177342
00177652
00872296
00012289
01023347
00116335
01023329
00192074
01023736
01023369
01023370
01023360
01024477
00177199
01038832
01038833
01038834
01038835
01038836
01038734
01038735
01038736
01023371
01028680
01023342
01012075
00178870
00178730
01023750
01028562
00184063
01032670
00468681
01028368
00468657
00429635
00190454
00469114
01023361
01023613
01023314
01020110
01023758
01023350
00186589
01023301
00033529
01023351
01028318
01038178
01023873
01023759
01023753
00220019
00122548
00642193
01011631
00643106
01022861
00643327
01022890
00643068
00643297
01030270
01036278
00232998
01030635
00122718
00875562
00873004
01023704
01028476
01028556
01028559
01023712
01033651
01013991
01027804
01023777
01023409
01023864
01027422
00190462
01028325
00006572
01035519
01032714
01023325
01023312
00114871
01033303
01023317
00469190
01018080
00575275
01013464
01034973
01019684
00200476
01028268
01032570
01032734
00202444
01028477
01032741
01032743
01032744
01032745
01032747
01032356
01030517
01023310
01024010
01024398
01032755
01034493
01023304
01017111
01032760
00009830
00367133
01023321
00007056
00046876
00117951
00174688
01023311
00129704
00182320
01023286
01023297
00214850
01023265
00179914
00430013
01025322
01023254
01023266
00229474
00031321
00201618
00206148
01024756
00429813
01023281
00200212
00201880
01023292
01028472
01023289
01023269
00231339
01023743
00205737
01023248
01024919
01023260
01038172
01023276
00201367
00231100
00221872
00013803
00031020
00026735
01013404
00182133
01028245
01023763
01037303
01023794
00205184
00107204
01023387
01023062
00054755
00402109
00205290
01024656
01028554
01025328
01023425
00551074
00190292
00372447
01014457
01021740
01028266
01023193
00427110
00163031
00645230
01033235
01023110
00080179
01014493
00228702
00200492
01023305
01021575
01023058
01012595
01020223
01023435
01022092
00163155
01035054
01011035
01023448
01023482
01012079
00990290
00103446
01031053
01031191
01023459
01023124
01036658
00124532
01025128
01023443
01023850
00128988
01025118
01030552
01023830
01034708
01017817
01010080
01030673
01021110
01023503
01037073
00180092
01022041
01023509
01023511
00180653
01016740
00643513
01022995
01023226
00042927
00372439
01023877
00803910
01014536
00889989
00882585
00202673
01024772
01023524
00183679
01023604
00131202
00150134
01023455
01030774
01035585
01035584
01025137
01018247
00150789
01021735
01030276
01025115
01021783
00033588
01018727
01020822
01023537
01021784
01028576
01028575
01023558
00595519
01014494
00205699
01012855
01012856
01024003
01024659
01023393
01028390
01022897
00110132
00870900
01017442
01023056
00551260
01013754
01023063
01031041
01025651
00880612
01022980
01024555
00643475
01025131
01037021
01031454
00564176
01009816
01032765
01023863
01024593
01023320
01021151
00053830
00121916
00032514
00430471
01023783
00206334
01023253
01023291
01028244
01028334
00202231
00204838
01023296
01023267
00237906
01023259
00202932
00206822
01015652
01023546
01023965
00199648
01025020
00370690
01023984
01038297
01017760
01032554
01025130
01024946
00370495
01012081
00151165
01037615
01012080
01024170
01012072
00193720
01032157
01019441
01024262
01024294
01030660
00367540
01011939
00074438
01024496
01024411
01030428
01024610
01024377
00803898
01024397
01012914
00889792
01020077
01025574
01023004
01037409
00118362
01032584
01024494
01013790
01020008
01021669
01030548
01012919
01018515
01024959
01024658
01024630
01024643
01033620
00132136
01017551
01019677
01024678
00151190
01025385
01024672
01011999
01011994
01017556
01038604
01016925
01016029
01030540
01024938
01024882
01014408
01030960
01020833
01025530
01028311
01018422
01030543
00253642
01025615
01023009
01025833
00880035
01028558
01030279
01031048
01031054
01031762
00365610
01025436
00083348
01036692
